a0 = 3.000000
a1 = 2.000000
a2 = 1.000000
